1 2
2 3
2 4
2 5
2 6
3 7
3 8
3 9
3 10
3 4
3 5
3 6
4 5
5 11
5 1
5 12
5 13
5 14
6 14
7 8
7 3
7 9
7 10
7 15
7 16
7 17
8 7
8 3
8 9
8 10
8 18
8 19
8 20
9 7
9 8
9 3
9 10
9 21
9 22
9 23
10 7
10 8
10 3
10 9
11 26
12 27
13 28
14 29
14 30
15 11
15 1
15 12
15 13
15 31
16 31
17 15
18 11
18 1
18 12
18 13
18 32
19 32
20 18
21 11
21 1
21 12
21 13
21 33
22 33
23 21
24 25
25 7
25 15
25 16
25 17
26 8
26 18
26 19
26 20
27 9
27 21
27 22
27 23
28 10
29 4
29 5
29 6
30 4
30 5
30 6
31 34
31 35
32 36
32 37
33 38
34 15
34 16
34 17
35 15
35 16
35 17
36 18
36 19
36 20
37 18
37 19
37 20
38 21
38 22
38 23
