1 2
1 3
1 4
1 5
1 6
1 7
2 1
2 3
2 4
2 8
2 9
2 10
3 1
3 2
3 4
3 11
4 1
4 2
4 3
5 12
5 13
5 14
5 15
5 16
6 16
7 5
8 12
8 13
8 14
8 15
8 17
9 17
10 8
11 18
12 23
13 24
14 25
15 26
16 27
16 28
16 29
16 30
17 31
17 32
17 33
17 34
18 35
18 36
18 37
18 38
19 20
19 21
19 22
20 39
21 39
22 40
22 41
22 39
23 1
23 5
23 6
23 7
24 2
24 8
24 9
24 10
25 3
25 11
26 4
27 21
27 22
28 42
28 43
29 28
29 5
29 6
29 7
30 43
30 5
30 6
30 7
31 40
31 22
32 44
32 45
33 32
33 8
33 9
33 10
34 45
34 8
34 9
34 10
35 41
35 22
36 46
36 47
37 36
37 11
38 11
38 47
39 12
39 13
39 14
39 15
40 39
41 39
42 20
42 22
43 42
43 27
43 22
44 41
44 22
45 44
45 31
45 22
46 40
46 22
47 46
47 35
47 22
19 5
